

Bayes Setiments Confusion Matrix
[[ 778  599 1486  939]
 [ 233 4022 2209 1245]
 [ 558 2010 5292 3200]
 [ 311  952 2153 8377]]
              precision    recall  f1-score   support

   ambiguous       0.41      0.20      0.27      3802
    negative       0.53      0.52      0.53      7709
     neutral       0.48      0.48      0.48     11060
    positive       0.61      0.71      0.66     11793

    accuracy                           0.54     34364
   macro avg       0.51      0.48      0.48     34364
weighted avg       0.53      0.54      0.53     34364


Bayes Emotions Confusion Matrix
[[ 933   18    2    8   49    3    0    4    1    3    4    0    0    7
     0   45    0   17   52    0  939   11    0    4    0    0    0    6]
 [  36  405    6   23   14    0    3    1    0    1    5    1    0    2
     0    6    0   14   10    0  689    3    0    3    0    0    1    3]
 [  11    9  120   64    9    2    1    6    0    5   14    6    0    1
     0    7    0    3    4    0  768    3    0    0    0    0    2    5]
 [  28   27   54  136   29    3    6    4    0    8   36   19    0    1
     4   12    0    3    4    0 1270    4    0   10    1    0    3    6]
 [  97   22    3   24  219   10    4    3    1    6   31    2    0    3
     2   13    0    8   21    0 1748   10    0   13    0    1    9    2]
 [   7    3    2    8   12   43    0    0    4    1    8    0    0    2
     1   15    0    2    4    0  564   22    0    1    0    2    4    0]
 [  19   10    3   17   21    0   57   21    0    3   12    2    0    0
     0    8    0    1    1    0  805    2    0    3    0    0    0    3]
 [  31    4    1    9   22    1   17  113    0    3    4    3    0    8
     0    5    0    1    6    0  931    3    0    4    0    1    1    9]
 [   5    1    0    4    9    1    1    1   18    2    0    1    0    0
     0    1    0    4    5    0  355   15    0    1    0    0    3    2]
 [  13    4   13   28   20    4    1    3    0   47   16    3    0    1
     2    5    0    4    4    0  751    3    0    4    0    0   11    4]
 [  18   15   14   37   35    0   10    5    1    4  106    8    0    2
     1   14    0    5    5    0 1232    7    1    5    0    1    6    5]
 [   9    4   22   41   11    1    0    1    0    8   11   64    2    1
     2    2    0    0    0    0  397    1    0    1    0    0    2    3]
 [   4    5    4   12    3    1    1    0    0    3    1    2   12    0
     0    2    0    0    0    0  231    1    0    1    0    2    2    0]
 [  58   11    2    4    8    0    0    8    1    0    3    0    0   28
     0    8    0   24   11    0  413    5    0    2    0    0    0   18]
 [   7    3    4    8    7    1    1    2    1    3    5    3    0    1
    24    1    0    0    0    0  281    0    0    1    0    0    3    0]
 [  65    8    0    4    3    1    0    0    0    0    1    0    0    0
     0  989    0   25    3    0  298   12    0    0    0    4    1    1]
 [   0    1    0    2    0    1    0    0    0    1    1    0    0    0
     0    0    0    0    0    0   59    0    0    0    0    0    5    0]
 [  75   46    0    6    7    1    0    0    0    0    0    0    0    7
     1   18    0  119   28    0  541   10    0    3    0    0    0    4]
 [  79    4    1    2   11    1    0    1    0    0    0    0    0    0
     0    6    0   13  381    0  487    2    0    2    0    0    1    0]
 [   2    0    0    3    0    4    0    0    0    1    2    0    0    0
     2    0    0    0    1    1  140    1    0    0    0    0    2    0]
 [ 266  129   94  176  263   44   50   56   10   50  166   32    5   27
    15   97    0   53   90    0 9222   69    2   44    0    8   49   43]
 [  36    4    2    4   22    4    3    1    8    0    8    2    1    2
     0   14    0    7    6    0  623  152    0    1    0    1    2    1]
 [  14    1    1    0    7    0    0    1    0    0    0    0    0    0
     0    2    0    3    0    0  109    0    0    0    0    0    0    0]
 [  16    9    6   19   28    3    6    1    0    7   15    3    0    2
     0    6    0    2    7    0  766    2    0   29    0    2    3   11]
 [   7    3    0    1    4    1    1    0    0    2    0    0    0    0
     0   12    0    8    1    0  116    1    0    0    0    0    0    1]
 [   4    0    1    4    0    1    1    0    1    1    0    1    2    1
     1    9    0    0    2    0  227    0    0    1    0   26   19    0]
 [   6    5    4   14    9    1    4    2    1    4   11    2    0    3
     1    5    0    5    2    0  586    0    0    0    0   14   84    2]
 [  41    7    9   14   10    1    5    6    0    3    4    1    0    2
     1    3    0    1    0    0  498    2    0    4    0    0    2   80]]
                precision    recall  f1-score   support

    admiration       0.49      0.44      0.47      2106
     amusement       0.53      0.33      0.41      1226
         anger       0.33      0.12      0.17      1040
     annoyance       0.20      0.08      0.12      1668
      approval       0.26      0.10      0.14      2252
        caring       0.32      0.06      0.10       705
     confusion       0.33      0.06      0.10       988
     curiosity       0.47      0.10      0.16      1177
        desire       0.38      0.04      0.08       429
disappointment       0.28      0.05      0.08       941
   disapproval       0.23      0.07      0.11      1537
       disgust       0.41      0.11      0.17       583
 embarrassment       0.55      0.04      0.08       287
    excitement       0.28      0.05      0.08       604
          fear       0.42      0.07      0.12       356
     gratitude       0.76      0.70      0.73      1415
         grief       0.00      0.00      0.00        70
           joy       0.37      0.14      0.20       866
          love       0.59      0.38      0.46       991
   nervousness       1.00      0.01      0.01       159
       neutral       0.37      0.83      0.51     11060
      optimism       0.45      0.17      0.24       904
         pride       0.00      0.00      0.00       138
   realization       0.21      0.03      0.05       943
        relief       0.00      0.00      0.00       158
       remorse       0.42      0.09      0.14       302
       sadness       0.39      0.11      0.17       765
      surprise       0.38      0.12      0.18       694

      accuracy                           0.39     34364
     macro avg       0.37      0.15      0.18     34364
  weighted avg       0.38      0.39      0.32     34364

Perceptron Emotions Confusion Matrix
[[1057   32    5    5   13    1    0    3    4    1    2    4    0    5
     0   42    0   32   76    0  762   23    0    0    0    1    2   36]
 [  38  764    8    6    2    0    1    1    1    0    1    1    0    3
     0    6    0   20   16    0  328    6    0    0    0    5    5   14]
 [  14   16  235   39    3    0    1    0    2    2    5   16    0    1
     4    6    0    5   10    0  655    4    0    0    0    7    6    9]
 [  30   47  108   85    7    3    2    0    3    6    9   36    0    1
     9   10    0    8    6    0 1266    3    0    1    0    4    9   15]
 [ 132   47   11    7  143    7    2    4    5    4   11    6    0    0
     5   10    0   18   36    0 1756   22    0    0    0    6    6   14]
 [  24    6    5    4    7   32    0    0    8    3    4    0    0    1
     6    9    0   14    7    0  518   38    0    0    0   17    2    0]
 [  18   22    9    6   11    1   51    3    1    0    7    4    1    1
     7    4    0    3    7    0  810    5    0    2    0    3    4    8]
 [  38   14    7    2    4    1    2   93    0    0    3    1    1    5
     1    3    0    4   10    0  954    5    0    0    0    5    2   22]
 [  11    6    2    2    0    4    0    0   86    0    0    0    0    1
     1    3    0    6   10    0  269   21    0    0    0    0    5    2]
 [  18    9   16   14    9    1    3    3    1   35    6   14    1    2
     6    8    0    8    9    0  729    9    0    0    0    5   30    5]
 [  29   29   25   19   16    2    6    3    2    1   49   16    1    1
    10   12    0   12    8    0 1247   10    0    0    0   12   13   14]
 [  12    7   38   20    3    0    0    0    0    1    2   95    1    0
     9    0    0    2    0    0  387    0    0    0    0    2    2    2]
 [   6    5    8    6    1    1    1    0    0    2    2    5   11    1
     1    1    0    1    4    0  214    1    0    0    0    8    3    5]
 [  68   15    6    0    7    1    1    5    2    0    0    1    0   47
     0   10    0   34   18    0  345    4    0    1    0    1    0   38]
 [   3    8    7    2    2    1    0    0    0    1    0    3    0    0
    98    1    0    0    1    0  219    3    0    0    0    1    2    4]
 [  83   11    0    1    0    0    0    0    0    0    1    2    0    5
     0 1118    0   44    7    0   92   20    0    0    0   28    2    1]
 [   1    1    2    1    1    0    0    0    0    0    0    1    0    0
     0    0    0    0    0    0   55    0    0    0    0    4    4    0]
 [  81   93    1    3    8    3    0    1    1    0    0    1    0    7
     0   19    0  244   40    0  344   16    0    0    0    0    0    4]
 [  57   11    1    2    4    0    0    1    3    1    2    0    0    1
     0    9    0   14  614    0  261    5    0    0    0    1    2    2]
 [   2    1    8    1    1    2    0    0    1    1    1    1    0    0
     1    0    0    0    1    0  130    2    0    0    0    0    5    1]
 [ 283  228  105   73   89   21   23   22   25   17   57   41    1   23
    28   85    0   76  134    0 9449   85    0    3    0   50   54   88]
 [  44   12    4    2   10    2    2    1   25    2    3    2    0    2
     0   15    0    8   15    0  476  267    0    1    0    2    2    7]
 [  23    5    2    0    1    0    0    1    0    0    1    0    0    0
     0    4    0    5    0    0   96    0    0    0    0    0    0    0]
 [  17   17   10   12    5    3    4    1    1    3    6    1    0    1
     3    5    0    4   12    0  776    5    0   14    0   10    4   29]
 [  11    4    0    1    1    2    0    0    0    1    0    0    0    0
     0   16    0   19    0    0   97    2    0    0    0    0    2    2]
 [   2    3    3    3    1    1    1    0    1    2    0    3    0    1
     1    3    0    1    2    0  114    0    0    0    0  150   10    0]
 [   8   10    8    6    3    5    0    1    4    8    0    5    0    2
     4    3    0    5    5    0  470    3    0    0    0   68  145    2]
 [  27   10   12    2    3    0    2    4    2    3    0    3    0    4
     2    2    0    1    1    0  407    4    0    0    0    1    0  204]]
                precision    recall  f1-score   support

    admiration       0.49      0.50      0.50      2106
     amusement       0.53      0.62      0.57      1226
         anger       0.36      0.23      0.28      1040
     annoyance       0.26      0.05      0.09      1668
      approval       0.40      0.06      0.11      2252
        caring       0.34      0.05      0.08       705
     confusion       0.50      0.05      0.09       988
     curiosity       0.63      0.08      0.14      1177
        desire       0.48      0.20      0.28       429
disappointment       0.37      0.04      0.07       941
   disapproval       0.28      0.03      0.06      1537
       disgust       0.36      0.16      0.22       583
 embarrassment       0.65      0.04      0.07       287
    excitement       0.41      0.08      0.13       604
          fear       0.50      0.28      0.36       356
     gratitude       0.80      0.79      0.79      1415
         grief       0.00      0.00      0.00        70
           joy       0.41      0.28      0.34       866
          love       0.59      0.62      0.60       991
   nervousness       0.00      0.00      0.00       159
       neutral       0.41      0.85      0.55     11060
      optimism       0.47      0.30      0.36       904
         pride       0.00      0.00      0.00       138
   realization       0.64      0.01      0.03       943
        relief       0.00      0.00      0.00       158
       remorse       0.38      0.50      0.43       302
       sadness       0.45      0.19      0.27       765
      surprise       0.39      0.29      0.33       694

      accuracy                           0.44     34364
     macro avg       0.40      0.23      0.24     34364
  weighted avg       0.44      0.44      0.36     34364

Perceptron Sentiments Confusion Matrix
[[ 674  534 1977  617]
 [ 186 4044 2554  925]
 [ 388 1860 6675 2137]
 [ 235  974 2709 7875]]
              precision    recall  f1-score   support

   ambiguous       0.45      0.18      0.26      3802
    negative       0.55      0.52      0.53      7709
     neutral       0.48      0.60      0.53     11060
    positive       0.68      0.67      0.67     11793

    accuracy                           0.56     34364
   macro avg       0.54      0.49      0.50     34364
weighted avg       0.56      0.56      0.55     34364

Decision Tree Emotions Confusion Matrix
[[1173   45   14   49  133   12   11   16   14   14   11    3    0   62
     4   76    2   63   75    0  250   21   16    9    4    1    5   23]
 [  57  695   25   44   42    8   11    9    5   10   12    7    2   18
     7   10    0   49    9    0  167    4    0   11    0    4    4   16]
 [  23   19  396  165   29   13   22   18    2   33   46   27    5    1
    10    5    2    0    5    2  195    5    0    9    1    0    3    4]
 [  41   72  228  382   91   29   41   48    4   62  101   48   16    7
    10    7    2   10   10    5  393    9    0   14    2    6   16   14]
 [ 211   67   40  142  565   59   54   26   25   50   69   17    3   36
     6   20    1   34   44    7  684   25    3   24   11    3   14   12]
 [  37   16   21   42   75  183    9    8   14   13   24    1    3    4
     5   19    1   14   11    9  153   26    0    5    3    3    6    0]
 [  23   19   33   61   69   13  261  113    1    9   27    7    4    7
     4    3    0    5    7    4  280    3    0   16    0    1    5   13]
 [  37   14   27   59   60   10  169  337    8    8   18    6    3   25
     4    5    0    5    6    1  333    7    1    6    0    4    4   20]
 [  29    6    8   23   39   19    7   11  119    5   11    6    1    5
     1    1    0    7   11    3   87   23    0    2    0    1    3    1]
 [  30   20   60  119   45   25   26   18   14  171   50   19    7    9
    14    7    4    5    6    8  211    3    2   15    0    6   39    8]
 [  25   35   91  195  104   28   46   32    7   82  343   25   12    4
     9    8    1    9    9    4  401    4    0   20    0    5   21   17]
 [  16   23   85   90   28    5    8    7    3   32   32  114    9    0
    12    1    2    1    0    1   98    2    0    8    0    0    6    0]
 [   4    9   17   35   20    2   11    7    1   17   14   16   51    2
     5    3    1    3    1    3   51    3    1    2    0    4    3    1]
 [  79   35   11   26   47    8    5   22   17    9   10    2    1  103
     0   10    0   42    8    1  133    7    0    1    0    1    4   22]
 [   6    7   18   25   18   11    6    6    3   13    9   12    5    1
   135    1    1    3    2    4   56    4    0    4    0    0    4    2]
 [ 107   15    5   21   25   17    5    1    3    5    9    1    1   15
     0 1057    2   26    7    0   53   17    2    1    3   10    5    2]
 [   4    1    3    5    1    0    2    2    1    5    1    1    2    0
     4    0    5    1    0    0   17    2    0    1    0    5    7    0]
 [ 106  108   11   16   49   16    4   11   13    9   10    2    2   36
     1   32    2  224   52    3  127    6    6    4    7    0    2    7]
 [ 134   14    3   17   49   14    8    4   12    5   12    3    1   24
     2   11    0   55  496    0  110    3    1    2    2    2    7    0]
 [   2    5    1   14   13   12    3    6    2    9    5    2    4    3
     9    0    1    0    1   22   36    0    0    2    0    1    5    1]
 [ 573  320  396  688  975  253  379  391  139  277  510  154   53  178
    64   89   21  149  132   33 4826  105   19  130   19   31   69   87]
 [  73   14   12   47   99   46    7   22   53   21   25    2    1   22
     2   18    0   10    9    1  214  191    3    5    0    0    4    3]
 [  34    2    2    7   14    5    1    2    0    4    3    0    1    3
     0    2    0    8    0    0   42    2    5    0    0    0    0    1]
 [  45   37   23   63  111   19   36   11   12   39   56    6    6   14
     6    3    4    7    6    3  342    8    4   58    1    7    1   15]
 [  16    3    5    6   24    9    1    1    1    6    5    1    1    0
     0   12    0   11    1    1   41    2    0    0   11    0    0    0]
 [   6    3    6   13   16   13    2    4    0   16    8    5    7    1
     1   20    1    3    1    1   27    2    0   11    0  107   28    0]
 [  12   13   22   52   36   18   10    3    9   96   44   12    5    4
    10    3   10    6    6   11  166    2    1   11    4   50  145    4]
 [  68   26   22   28   27    6   30   26    1   26   17   10    5   36
     6    5    1   13    6    2  159    4    0   12    0    0    3  155]]
                precision    recall  f1-score   support

    admiration       0.39      0.56      0.46      2106
     amusement       0.42      0.57      0.48      1226
         anger       0.25      0.38      0.30      1040
     annoyance       0.16      0.23      0.19      1668
      approval       0.20      0.25      0.22      2252
        caring       0.21      0.26      0.23       705
     confusion       0.22      0.26      0.24       988
     curiosity       0.29      0.29      0.29      1177
        desire       0.25      0.28      0.26       429
disappointment       0.16      0.18      0.17       941
   disapproval       0.23      0.22      0.23      1537
       disgust       0.22      0.20      0.21       583
 embarrassment       0.24      0.18      0.20       287
    excitement       0.17      0.17      0.17       604
          fear       0.41      0.38      0.39       356
     gratitude       0.74      0.75      0.74      1415
         grief       0.08      0.07      0.07        70
           joy       0.29      0.26      0.28       866
          love       0.54      0.50      0.52       991
   nervousness       0.17      0.14      0.15       159
       neutral       0.50      0.44      0.47     11060
      optimism       0.39      0.21      0.27       904
         pride       0.08      0.04      0.05       138
   realization       0.15      0.06      0.09       943
        relief       0.16      0.07      0.10       158
       remorse       0.42      0.35      0.39       302
       sadness       0.35      0.19      0.25       765
      surprise       0.36      0.22      0.28       694

      accuracy                           0.36     34364
     macro avg       0.29      0.27      0.28     34364
  weighted avg       0.37      0.36      0.36     34364

Decision Tree Setiments Confusion Matrix
[[1750  606  962  484]
 [ 848 4608 1524  729]
 [1553 2562 5174 1771]
 [ 837 1303 2598 7055]]
              precision    recall  f1-score   support

   ambiguous       0.35      0.46      0.40      3802
    negative       0.51      0.60      0.55      7709
     neutral       0.50      0.47      0.49     11060
    positive       0.70      0.60      0.65     11793

    accuracy                           0.54     34364
   macro avg       0.52      0.53      0.52     34364
weighted avg       0.56      0.54      0.55     34364




TOP Decision Tree Setiments Confusion Matrix
[[ 339  255 2859  349]
 [ 135 2262 4753  559]
 [ 189  898 8905 1068]
 [ 167  617 5110 5899]]
              precision    recall  f1-score   support

   ambiguous       0.41      0.09      0.15      3802
    negative       0.56      0.29      0.39      7709
     neutral       0.41      0.81      0.54     11060
    positive       0.75      0.50      0.60     11793

    accuracy                           0.51     34364
   macro avg       0.53      0.42      0.42     34364
weighted avg       0.56      0.51      0.48     34364

Best Estimator: {'criterion': 'gini', 'max_depth': 60, 'min_samples_split': 2}

TOP Decision Tree Emotions Confusion Matrix
[[  313    14     0     0     0     0     0     0     0     0     0     0
      0     0     0    12     0     0    73     0  1677    15     0     0
      0     2     0     0]
 [    8   416     0     0     0     0     0     0     0     0     0     0
      0     0     0     6     0     0    15     0   770     6     0     0
      0     5     0     0]
 [    7     6     0     0     0     0     0     0     0     0     0     0
      0     0     0     6     0     0    10     0  1001     4     0     0
      0     6     0     0]
 [    9    30     1     0     0     0     0     0     0     0     0     0
      0     0     0     7     0     0    10     0  1606     1     0     0
      0     4     0     0]
 [   35    24     0     0     0     0     0     0     0     0     0     0
      0     0     0     5     0     1    42     0  2128    14     0     0
      0     3     0     0]
 [    7     3     0     0     0     1     0     0     0     0     0     0
      0     0     0     3     0     0     9     0   648    16     0     0
      0    18     0     0]
 [    6    15     0     0     0     0     0     0     0     0     0     0
      0     0     0     4     0     0     9     0   948     1     0     0
      0     5     0     0]
 [    8     6     0     0     0     0     0     0     0     0     0     0
      0     0     0     3     0     0     8     0  1143     4     0     0
      0     5     0     0]
 [    7     4     0     0     0     0     0     0     0     0     0     0
      0     0     0     2     0     0     8     0   390    18     0     0
      0     0     0     0]
 [    2     6     0     0     0     1     0     0     0     0     0     0
      0     0     0     5     0     0     6     0   907     8     0     0
      0     6     0     0]
 [    7    16     0     1     0     1     0     0     0     0     0     0
      0     0     0    11     0     0    10     0  1473     4     0     0
      0    14     0     0]
 [    4     3     0     0     0     0     0     0     0     0     0     0
      0     0     0     0     0     0     3     0   571     0     0     0
      0     2     0     0]
 [    3     3     0     0     0     0     0     0     0     0     0     0
      0     0     0     0     0     0     3     0   269     2     0     0
      0     7     0     0]
 [    8     9     0     0     0     0     0     0     0     0     0     0
      0     0     0     1     0     0    12     0   573     0     0     0
      0     1     0     0]
 [    0     7     0     0     0     0     0     0     0     0     0     0
      0     0     0     1     0     0     4     0   342     0     0     0
      0     2     0     0]
 [   17     7     0     0     0     1     0     0     0     1     0     0
      0     0     0  1053     0     0     9     0   292     6     0     0
      0    29     0     0]
 [    0     0     0     0     0     0     0     0     0     0     0     0
      0     0     0     0     0     0     1     0    65     0     0     0
      0     4     0     0]
 [   26    27     0     0     0     0     0     0     0     0     0     0
      0     0     0     6     0     3    33     0   760    11     0     0
      0     0     0     0]
 [    5    11     0     0     0     0     0     0     0     0     0     0
      0     0     0     9     0     0   615     0   347     4     0     0
      0     0     0     0]
 [    0     0     0     0     0     0     0     0     0     0     0     0
      0     0     0     0     0     0     2     0   155     1     0     0
      0     1     0     0]
 [   68   120     0     0     0     1     0     0     0     0     0     0
      0     0     0    60     0     0   135     0 10572    54     0     0
      0    50     0     0]
 [   12     6     0     0     0     3     0     0     0     0     0     0
      0     0     0     8     0     1    18     0   683   170     0     0
      0     3     0     0]
 [    6     4     0     0     0     0     0     0     0     0     0     0
      0     0     0     0     0     0     0     0   128     0     0     0
      0     0     0     0]
 [    5    10     0     0     0     0     0     0     0     0     0     0
      0     0     0     4     0     1    15     0   896     2     0     0
      0    10     0     0]
 [    0     4     0     0     0     0     0     0     0     0     0     0
      0     0     0    11     0     0     0     0   142     0     0     0
      1     0     0     0]
 [    1     2     0     0     0     0     0     0     0     0     0     0
      0     0     0     1     0     0     4     0   141     0     0     0
      0   153     0     0]
 [    2     7     0     0     0     0     0     0     0     0     0     0
      0     0     0     1     0     1     5     0   677     1     0     0
      0    71     0     0]
 [    2     8     0     0     0     0     0     0     0     0     0     0
      0     0     0     2     0     0     2     0   676     3     0     0
      0     1     0     0]]
                precision    recall  f1-score   support

    admiration       0.55      0.15      0.23      2106
     amusement       0.54      0.34      0.42      1226
         anger       0.00      0.00      0.00      1040
     annoyance       0.00      0.00      0.00      1668
      approval       0.00      0.00      0.00      2252
        caring       0.12      0.00      0.00       705
     confusion       0.00      0.00      0.00       988
     curiosity       0.00      0.00      0.00      1177
        desire       0.00      0.00      0.00       429
disappointment       0.00      0.00      0.00       941
   disapproval       0.00      0.00      0.00      1537
       disgust       0.00      0.00      0.00       583
 embarrassment       0.00      0.00      0.00       287
    excitement       0.00      0.00      0.00       604
          fear       0.00      0.00      0.00       356
     gratitude       0.86      0.74      0.80      1415
         grief       0.00      0.00      0.00        70
           joy       0.43      0.00      0.01       866
          love       0.58      0.62      0.60       991
   nervousness       0.00      0.00      0.00       159
       neutral       0.35      0.96      0.52     11060
      optimism       0.49      0.19      0.27       904
         pride       0.00      0.00      0.00       138
   realization       0.00      0.00      0.00       943
        relief       1.00      0.01      0.01       158
       remorse       0.38      0.51      0.43       302
       sadness       0.00      0.00      0.00       765
      surprise       0.00      0.00      0.00       694

      accuracy                           0.39     34364
     macro avg       0.19      0.13      0.12     34364
  weighted avg       0.25      0.39      0.26     34364

Best Estimator: {'criterion': 'gini', 'max_depth': 8, 'min_samples_split': 2}


TOP Bayes Sentiment Confusion Matrix
[[ 852  604 1423  923]
 [ 283 4055 2155 1216]
 [ 618 2040 5250 3152]
 [ 347  970 2141 8335]]
              precision    recall  f1-score   support

   ambiguous       0.41      0.22      0.29      3802
    negative       0.53      0.53      0.53      7709
     neutral       0.48      0.47      0.48     11060
    positive       0.61      0.71      0.66     11793

    accuracy                           0.54     34364
   macro avg       0.51      0.48      0.49     34364
weighted avg       0.53      0.54      0.53     34364

Best Estimator: {'alpha': 0.8}

TOP Bayes Emotions Confusion Matrix
[[1032   26    7   13   69    8    4   13    3    5    9    1    0   15
     0   59    0   31   71    0  693   17    1   10    0    0    3   16]
 [  43  577    6   35   14    1    4    2    1    1    4    1    1    8
     0    7    0   24   11    0  463    7    0    7    0    1    1    7]
 [  20   15  182   86   11    6    4    6    0    9   20   13    0    3
     3    8    0    6   10    0  617    3    0    5    0    0    7    6]
 [  34   40   90  187   38    6   12   13    2   23   53   30    3    5
     7   13    0    3    6    0 1055    7    0   18    2    2   11    8]
 [ 121   35   15   44  275   26   12    7    8   16   49    7    0    9
     5   16    0   19   31    0 1466   25    1   33    0    4   19    9]
 [  11    6    3   13   19   83    0    1    5    4   11    0    0    3
     2   16    0   11    5    0  466   33    0    3    0    4    6    0]
 [  24   18    6   21   31    6   88   39    0    8   28    4    1    3
     6   10    0    1    4    1  668    2    0    8    0    2    1    8]
 [  40   10    4   15   26    5   34  176    4    5   10    3    1   14
     0    5    0    2    8    0  780    4    0    8    0    3    1   19]
 [   9    4    0    6   12    7    1    3   35    3    1    1    0    0
     1    3    0    7    9    0  294   24    0    1    0    0    4    4]
 [  17    5   23   47   28    9    7   10    1   67   26    9    1    4
     3    6    0    5    4    0  616    3    0   10    0    1   34    5]
 [  25   22   23   55   53    4   18   11    4   14  170   16    4    2
     6   17    0    9    8    0 1026   15    1    8    0    1   18    7]
 [  11    7   34   53   11    2    4    1    0    8   18   94    4    1
     7    1    0    3    2    0  306    1    1    1    0    0    8    5]
 [   8    7    4   18    2    1    1    2    1    6    4    4   23    1
     0    3    0    1    1    0  187    1    0    1    0    5    6    0]
 [  66   18    6    6   17    0    1   11    6    2    4    1    0   50
     0   10    0   38   21    1  308    9    0    2    1    0    2   24]
 [   9    5    6    6    6    4    4    2    1    4    3   11    0    0
    58    2    0    2    0    1  219    1    0    4    0    0    4    4]
 [  76   10    0    3    6    4    3    3    0    0    6    1    0    2
     0 1067    0   31    3    0  172   17    0    0    0    7    2    2]
 [   0    1    0    2    1    2    0    0    0    0    2    0    1    0
     0    0    0    0    0    0   51    1    0    0    0    2    7    0]
 [  91   61    0    9   17    6    0    1    1    1    2    0    0   11
     1   30    0  163   36    1  408   16    0    4    0    0    2    5]
 [  90    7    1    2   13    2    0    2    2    2    2    1    0    1
     0    8    0   18  479    0  350    3    0    3    0    1    3    1]
 [   2    1    2    5    4    5    0    0    0    2    3    0    0    1
     4    0    0    0    1    3  117    1    0    1    0    0    5    2]
 [ 321  198  150  275  395   84  106  112   27   97  270   60   14   67
    34  129    2   92  133    4 8061  124    5  106    1   18   89   86]
 [  39    8    3   10   33   11    6    2   12    3    9    2    1    3
     1   19    0   10   13    0  485  216    0    5    0    2    5    6]
 [  22    2    4    0    6    3    1    3    0    0    1    0    0    0
     0    4    0    5    1    0   83    1    0    1    0    0    1    0]
 [  19   12    8   28   38    5   11    5    0   10   24    4    2    2
     3    9    0    4   12    1  660    7    0   55    1    2    6   15]
 [   9    5    1    0    6    3    1    0    0    2    0    0    0    0
     0   16    0   10    1    0   98    2    0    0    1    0    2    1]
 [   5    1    2    7    5    2    4    0    1    7    3    2    2    1
     1   16    0    2    3    0  155    0    0    4    0   51   28    0]
 [   7    6    9   15   10   11    6    4    3   22   17    5    0    3
     3    6    1    7    4    0  461    4    0    0    0   27  131    3]
 [  46   14   11   15    9    1   11   10    1    8    6    4    0    9
     1    4    0    2    2    0  395    2    0    7    0    0    3  133]]
                precision    recall  f1-score   support

    admiration       0.47      0.49      0.48      2106
     amusement       0.51      0.47      0.49      1226
         anger       0.30      0.17      0.22      1040
     annoyance       0.19      0.11      0.14      1668
      approval       0.24      0.12      0.16      2252
        caring       0.27      0.12      0.16       705
     confusion       0.26      0.09      0.13       988
     curiosity       0.40      0.15      0.22      1177
        desire       0.30      0.08      0.13       429
disappointment       0.20      0.07      0.11       941
   disapproval       0.23      0.11      0.15      1537
       disgust       0.34      0.16      0.22       583
 embarrassment       0.40      0.08      0.13       287
    excitement       0.23      0.08      0.12       604
          fear       0.40      0.16      0.23       356
     gratitude       0.72      0.75      0.74      1415
         grief       0.00      0.00      0.00        70
           joy       0.32      0.19      0.24       866
          love       0.54      0.48      0.51       991
   nervousness       0.25      0.02      0.04       159
       neutral       0.39      0.73      0.51     11060
      optimism       0.40      0.24      0.30       904
         pride       0.00      0.00      0.00       138
   realization       0.18      0.06      0.09       943
        relief       0.17      0.01      0.01       158
       remorse       0.38      0.17      0.23       302
       sadness       0.32      0.17      0.22       765
      surprise       0.35      0.19      0.25       694

      accuracy                           0.39     34364
     macro avg       0.31      0.20      0.22     34364
  weighted avg       0.36      0.39      0.34     34364

Best Estimator: {'alpha': 0.5145}



TOP Perceptron Sentiment Confusion Matrix
[[1158  563 1343  738]
 [ 437 4042 2076 1154]
 [ 918 1918 5461 2763]
 [ 413  946 2178 8256]]
              precision    recall  f1-score   support

   ambiguous       0.40      0.30      0.34      3802
    negative       0.54      0.52      0.53      7709
     neutral       0.49      0.49      0.49     11060
    positive       0.64      0.70      0.67     11793

    accuracy                           0.55     34364
   macro avg       0.52      0.51      0.51     34364
weighted avg       0.54      0.55      0.55     34364

Best Estimator: {'activation': 'tanh', 'hidden_layer_sizes': (10, 10, 10), 'solver': 'sgd'}

