--------------Word2Vec EMBEDDINGS Base MLP Sentiments------------------------
Number of tokens in training set:
2115446
Number of tokens in testing set:
526682
Hit rate percentage of training set is:
77.07670155607849
Hit rate percentage of training set is:
77.05351616345347
Creating model
[[ 414  592 1891  905]
 [ 105 3761 2527 1316]
 [ 238 1767 6324 2731]
 [ 118 1001 2509 8165]]
              precision    recall  f1-score   support

   ambiguous       0.47      0.11      0.18      3802
    negative       0.53      0.49      0.51      7709
     neutral       0.48      0.57      0.52     11060
    positive       0.62      0.69      0.66     11793

    accuracy                           0.54     34364
   macro avg       0.53      0.47      0.47     34364
weighted avg       0.54      0.54      0.53     34364

0.543126527761611
------------------------------------------------------------------

--------------Word2Vec EMBEDDINGS Base MLP Emotions------------------------
Number of tokens in training set:
2112120
Number of tokens in testing set:
530008
Hit rate percentage of training set is:
77.07421926784464
Hit rate percentage of training set is:
77.06355375767913
Creating model
[[1087   31    6    6    9    6    0    3    0    0    2    4    1    4
     1   58    0   21   81    0  733   28    5    0    0    1    4   15]
 [  52  670    6    8    3    1    1    2    1    0    5    0    0    4
     1    6    0   23   13    0  415    4    0    0    0    2    5    4]
 [  12   15  217   30    1    1    1    4    4    1    5   14    1    1
     7    5    0    0   12    0  687    3    0    0    0    5    9    5]
 [  34   63   95   69    6    3    4    1    1    3   13   29    0    1
    10   11    0    8    7    1 1274    3    0    0    0    4   19    9]
 [ 160   59    5   14   99   20    0    7    7    1    9    5    0    0
     4   21    0   12   36    0 1745   18    0    0    0    5   18    7]
 [  25    8    4    1    3   58    0    0    7    0    2    1    0    0
     1   18    0   10    9    0  516   23    0    0    0    8   11    0]
 [  19   22   12    7    2    0   31   18    3    0   10    3    0    1
     7    5    0    1    7    0  821    3    0    0    0    2    9    5]
 [  37   16    7    5    4    2    3   77    1    2    5    0    0    2
     1    7    2    2    8    1  965    5    0    0    0    5    5   15]
 [  13   10    1    1    3    3    0    1   83    0    3    1    0    0
     1    3    0    7   14    0  251   24    0    0    0    0    9    1]
 [  22   17   19   19    2    0    2    4    0    6    7   14    1    1
     7   11    0    6    3    0  726    8    0    0    0    7   52    7]
 [  27   30   22   19   13    1    2    1    2    1   76    5    4    0
     4   13    0    7    6    0 1268    8    0    1    0    5   18    4]
 [  11   21   33   14    0    1    0    0    1    2    3   66    0    0
    12    1    0    0    2    0  402    0    0    0    0    1   13    0]
 [   8    7    1    8    0    0    0    0    0    1    1    3    7    0
     3    1    0    0    5    0  225    2    0    0    0    6    8    1]
 [  82   17    3    7    3    0    0    4    2    1    1    0    0   39
     0   12    0   23   12    0  368   10    0    0    0    0    2   18]
 [   5   10    4    0    1    1    2    0    0    1    1    4    0    0
   104    1    0    0    1    2  207    0    0    0    0    0   12    0]
 [  78   12    1    2    2    5    0    0    1    0    1    1    0    8
     0 1078    0   27   10    0  148   17    0    0    0   16    8    0]
 [   2    0    2    0    0    0    0    0    0    0    0    0    0    0
     0    0    0    0    0    0   55    0    0    0    0    1   10    0]
 [ 103   79    0    1    2    1    0    0    5    1    1    0    0   13
     1   35    0  153   38    0  403   22    0    0    0    0    5    3]
 [  83   11    2    3    1    0    0    0    2    0    1    0    0    2
     1   12    0   14  581    0  271    2    0    0    0    0    3    2]
 [   1    4    2    0    1    1    1    0    0    1    0    2    0    0
    12    0    0    1    0    2  116    0    0    0    0    0   14    1]
 [ 362  242  100   52   72   40   11   74   28    8   58   40    3   21
    40   99    0   48  110    0 9417   70    1    0    0   25   86   53]
 [  44   12    1    3    7   12    2    0   17    1    6    0    0    0
     0   22    0   12   11    0  564  176    0    0    0    3    8    3]
 [  27    7    1    2    0    1    0    0    1    0    0    0    0    0
     0    7    0    3    1    0   85    1    1    0    0    1    0    0]
 [  25   20   11    6    3    2    1    2    1    2    5    2    0    0
     5    6    0    1   13    0  800    4    0    3    0    8   10   13]
 [  14    4    0    0    7    4    0    0    0    0    0    0    0    0
     0   14    0    8    1    0  102    0    0    0    0    2    2    0]
 [   5    6    1    1    1    1    0    0    1    1    2    0    0    1
     1    6    0    1    2    0  141    0    0    0    0   99   32    0]
 [   9   12   10    5    1    3    1    0    3    2    2    7    0    1
     8    3    0    5    8    2  467    4    0    0    0   43  167    2]
 [  49   25    9    4    2    0    2   12    1    0    5    4    0    8
     7    5    0    3    2    0  455    3    0    0    0    0    3   95]]
                     precision    recall  f1-score   support

    admiration       0.45      0.52      0.48      2106
     amusement       0.47      0.55      0.50      1226
         anger       0.38      0.21      0.27      1040
     annoyance       0.24      0.04      0.07      1668
      approval       0.40      0.04      0.08      2252
        caring       0.35      0.08      0.13       705
     confusion       0.48      0.03      0.06       988
     curiosity       0.37      0.07      0.11      1177
        desire       0.48      0.19      0.28       429
disappointment       0.17      0.01      0.01       941
   disapproval       0.34      0.05      0.09      1537
       disgust       0.32      0.11      0.17       583
 embarrassment       0.41      0.02      0.05       287
    excitement       0.36      0.06      0.11       604
          fear       0.44      0.29      0.35       356
     gratitude       0.74      0.76      0.75      1415
         grief       0.00      0.00      0.00        70
           joy       0.39      0.18      0.24       866
          love       0.59      0.59      0.59       991
   nervousness       0.25      0.01      0.02       159
       neutral       0.40      0.85      0.54     11060
      optimism       0.40      0.19      0.26       904
         pride       0.14      0.01      0.01       138
   realization       0.75      0.00      0.01       943
        relief       0.00      0.00      0.00       158
       remorse       0.40      0.33      0.36       302
       sadness       0.31      0.22      0.26       765
      surprise       0.36      0.14      0.20       694

      accuracy                           0.42     34364
     macro avg       0.37      0.20      0.21     34364
  weighted avg       0.41      0.42      0.34     34364

  0.42081829821906647
------------------------------------------------------------------

--------------Word2Vec EMBEDDINGS Top MLP Sentiments------------------------
Number of tokens in training set:
2115446
Number of tokens in testing set:
526682
Hit rate percentage of training set is:
77.07670155607849
Hit rate percentage of training set is:
77.05351616345347
Creating model
[[ 456  630 1689 1027]
 [ 143 3734 2201 1631]
 [ 307 1835 5718 3200]
 [ 138 1032 2080 8543]]
              precision    recall  f1-score   support

   ambiguous       0.44      0.12      0.19      3802
    negative       0.52      0.48      0.50      7709
     neutral       0.49      0.52      0.50     11060
    positive       0.59      0.72      0.65     11793

    accuracy                           0.54     34364
   macro avg       0.51      0.46      0.46     34364
weighted avg       0.53      0.54      0.52     34364

0.536928180654173
------------------------------------------------------------------

--------------Word2Vec EMBEDDINGS Top MLP Emotions------------------------
Number of tokens in training set:
2112120
Number of tokens in testing set:
530008
Hit rate percentage of training set is:
77.07421926784464
Hit rate percentage of training set is:
77.06355375767913
Creating model
[[ 922   31    2    7   11    3    0    4    0    2    2    3    0    3
     0   80    0   23   89    0  863   26    1    0    0    1    3   30]
 [  31  609    4    5    2    0    0    2    1    0    5    3    0    0
     1    6    0   21   14    0  510    1    0    0    0    2    3    6]
 [   6    9  160   24    1    2    0    5    4    1    0   18    0    0
     4    4    0    0   13    0  769    3    0    0    0    8    4    5]
 [  24   44   62   41    2    3    0    1    1    3    1   31    0    0
     4   10    0    6   10    0 1399    2    0    0    0    5   11    8]
 [ 112   48    4    9   80   10    0    6    4    3    7    4    0    0
     2   29    0   12   49    0 1832   14    0    0    0    5   16    6]
 [  12    8    1    1    3   32    0    0    4    0    0    0    0    0
     1   17    0    9    9    0  562   24    0    0    0   16    6    0]
 [  12   17   10    4    2    0   21   11    0    1    4    5    0    1
     4    6    0    0    8    0  862    5    0    0    0    2    5    8]
 [  20   14    5    3    2    1    1   52    0    1    1    1    0    1
     1    8    0    2    6    0 1030    4    0    0    0    5    6   13]
 [  13    7    3    0    3    1    0    1   66    0    2    1    0    0
     1    6    0    2   16    0  276   24    0    0    0    0    6    1]
 [  14   14   13    8    0    1    1    3    0   11    8   12    0    1
     3    9    0   10    3    0  774    8    0    0    0    7   34    7]
 [  16   22   14   10    6    0    1    0    1    1   50   10    0    0
     4   11    0    6    6    0 1355    7    0    0    0    8    6    3]
 [   8   13   26   13    0    0    0    0    0    2    0   70    0    0
     5    0    0    0    3    0  431    1    0    0    0    1    8    2]
 [   3    5    2    7    0    0    1    0    0    2    0    3    0    0
     1    0    0    0    7    0  241    2    0    0    0    7    5    1]
 [  57   10    5    2    1    0    1    2    2    1    0    1    0   27
     0   16    0   27   15    0  414    8    0    0    0    0    0   15]
 [   7    8    1    0    1    1    0    0    0    1    0   15    0    0
    57    0    0    0    0    0  247    0    0    0    0    0   13    5]
 [  58   13    0    0    1    4    0    0    0    0    1    1    0    5
     0 1058    0   23   13    0  188   20    0    0    0   23    4    3]
 [   0    0    1    0    0    0    0    0    0    0    0    0    0    0
     2    0    0    0    0    0   59    0    0    0    0    2    6    0]
 [  84   70    1    0    1    1    0    2    3    1    1    2    0    4
     1   55    0  128   52    0  433   13    0    0    0    3    5    6]
 [  60   10    1    0    1    0    0    0    1    1    0    0    0    2
     0   11    0    8  598    0  292    1    0    0    0    0    3    2]
 [   0    3    3    0    1    1    0    0    0    1    0    2    0    0
     2    0    0    1    0    1  131    0    0    0    0    1   10    2]
 [ 255  182   66   30   52   28    6   52   18   12   42   51    0   13
    11  106    0   44  121    0 9748   60    0    0    0   30   64   69]
 [  32    6    0    0    3    9    1    0   19    0    1    0    0    0
     0   22    0   10   10    0  627  147    0    0    0    2    7    8]
 [  23    5    2    0    0    0    0    0    1    0    0    0    0    1
     0   13    0    2    0    0   90    1    0    0    0    0    0    0]
 [  14   14    5    1    7    0    1    2    0    4    5    5    0    0
     1    7    0    1   14    0  825    1    0    0    0    8   12   16]
 [  11    4    0    0    5    2    0    0    0    0    0    0    0    0
     0   16    0    7    1    0  103    2    0    0    0    2    4    1]
 [   3    4    0    1    0    0    0    0    1    1    1    2    0    0
     0    4    0    2    3    0  148    1    0    0    0  108   21    2]
 [   3   11    4    3    0    0    1    0    2    6    5    9    0    1
     3    3    0    6   11    0  503    4    0    0    0   47  141    2]
 [  42   13    6    4    2    0    1    7    0    0    4    7    0    2
     3    4    0    1    1    0  497    1    0    0    0    0    3   96]]
                precision    recall  f1-score   support

    admiration       0.50      0.44      0.47      2106
     amusement       0.51      0.50      0.50      1226
         anger       0.40      0.15      0.22      1040
     annoyance       0.24      0.02      0.04      1668
      approval       0.43      0.04      0.07      2252
        caring       0.32      0.05      0.08       705
     confusion       0.58      0.02      0.04       988
     curiosity       0.35      0.04      0.08      1177
        desire       0.52      0.15      0.24       429
disappointment       0.20      0.01      0.02       941
   disapproval       0.36      0.03      0.06      1537
       disgust       0.27      0.12      0.17       583
 embarrassment       0.00      0.00      0.00       287
    excitement       0.44      0.04      0.08       604
          fear       0.51      0.16      0.24       356
     gratitude       0.70      0.75      0.73      1415
         grief       0.00      0.00      0.00        70
           joy       0.36      0.15      0.21       866
          love       0.56      0.60      0.58       991
   nervousness       1.00      0.01      0.01       159
       neutral       0.39      0.88      0.54     11060
      optimism       0.39      0.16      0.23       904
         pride       0.00      0.00      0.00       138
   realization       0.00      0.00      0.00       943
        relief       0.00      0.00      0.00       158
       remorse       0.37      0.36      0.36       302
       sadness       0.35      0.18      0.24       765
      surprise       0.30      0.14      0.19       694

      accuracy                           0.41     34364
     macro avg       0.36      0.18      0.19     34364
  weighted avg       0.39      0.41      0.32     34364

0.4138924455825864

--------------GloVe Twitter Embedding Top MLP Sentiments------------------------
Number of tokens in training set:
2115446
Number of tokens in testing set:
526682
Hit rate percentage of training set is:
97.93646351644051
Hit rate percentage of training set is:
97.91107347507604
Creating model
[[1053  645 1409  695]
 [ 273 3791 2396 1249]
 [ 705 1963 5697 2695]
 [ 202 1219 2612 7760]]
              precision    recall  f1-score   support

   ambiguous       0.47      0.28      0.35      3802
    negative       0.50      0.49      0.49      7709
     neutral       0.47      0.52      0.49     11060
    positive       0.63      0.66      0.64     11793

    accuracy                           0.53     34364
   macro avg       0.52      0.49      0.49     34364
weighted avg       0.53      0.53      0.53     34364

0.5325631474799208

--------------GloVe Twitter Embedding Top MLP Emotions------------------------
Number of tokens in training set:
2112120
Number of tokens in testing set:
530008
Hit rate percentage of training set is:
97.93373482567279
Hit rate percentage of training set is:
97.92210683612322
Creating model
[[ 902   24    5    2    7   11    1   18    3    0    2    5    0   12
     3   67    0   22   79    0  896   31    0    0    0    0    2   14]
 [  39  458    6    1    1    0    1    8    1    0    0    1    0    2
     1    8    0   25   10    0  648    6    0    0    0    1    6    3]
 [   7    8  156    4    0    1    3   15    1    0    1   15    1    1
     8    9    0    0    9    0  789    3    0    0    0    1    6    2]
 [  22   22   66   24    1    4    8   19    1    3    2   30    1    1
    13   14    0    2    9    0 1404    4    0    0    0    1   11    6]
 [ 111   36    3    4   66   10    9    6    9    0    5    6    0    6
     6   21    0   19   41    0 1845   25    0    0    0    3   17    4]
 [  18    4    1    0    1   45    1    1    4    0    1    0    0    1
     2   19    0    9   11    0  541   34    0    0    0    5    7    0]
 [   6   12    3    1    0    0   45  140    2    2    6    5    0    1
     5    3    0    0    6    0  743    2    0    0    0    1    3    2]
 [   8    6    3    0    0    0   30  345    2    0    1    0    0    3
     3    4    0    2    6    0  756    4    0    0    0    0    1    3]
 [  11    4    0    0    0    0    0    4   57    0    1    1    0    2
     3    4    0    7   12    0  283   35    0    0    0    1    3    1]
 [  12   11   10    4    0    4    3   16    1    3    2   12    0    1
     7   12    0    3    6    0  769   11    0    0    0    1   45    8]
 [  12   13   12    8    2    0    8   13    3    3   19    8    0    1
     5   15    0    1    4    0 1387    6    0    0    0    6    9    2]
 [   8    7   21    5    0    1    1    8    0    4    1   52    0    0
    13    0    0    0    3    0  453    0    0    0    0    2    4    0]
 [   4    2    1    5    0    1    0    5    1    2    1    4    0    0
     3    0    0    0    3    0  247    1    0    0    0    1    5    1]
 [  52   11    2    2    0    0    0    5    2    1    0    0    0   46
     2   10    0   21   13    0  399   17    0    0    0    0    0   21]
 [   1    4    1    0    1    1    3    4    0    2    0    9    0    0
    73    1    0    0    2    0  244    1    0    0    0    0    8    1]
 [  60   11    0    1    1    6    0    7    1    0    0    1    0   14
     0 1040    0   22   13    0  198   26    0    0    0    8    5    1]
 [   2    0    0    0    0    0    0    0    0    0    1    0    0    0
     0    0    0    0    0    0   59    0    0    0    0    0    8    0]
 [  84   54    0    0    3    7    0    3    2    0    0    3    0   15
     2   56    0  117   40    0  457   17    0    0    0    1    4    1]
 [  56    7    0    0    0    5    1    6    2    0    0    0    0    3
     1   18    0   16  540    0  331    2    0    0    0    0    3    0]
 [   1    1    1    0    0    0    2    2    0    1    0    1    0    0
     8    0    0    0    1    0  129    1    0    0    0    1    9    1]
 [ 218  144   52   15   31   48   39  326   29    8   30   30    0   42
    31   99    0   52  111    0 9557   82    0    0    0   12   70   34]
 [  32    5    0    0    2   17    0    9   18    0    0    1    0    1
     1   20    0    5   11    0  596  174    0    0    0    1    6    5]
 [  16    1    0    1    0    2    0    2    0    0    0    0    0    0
     0    8    0    3    0    0  102    3    0    0    0    0    0    0]
 [  17   11    2    1    1    4    6    4    2    2    1    1    0    1
     3    6    0    3   11    0  835    3    0    2    0    3    7   17]
 [  11    3    0    0    1    3    0    1    0    0    0    0    0    1
     0   12    0    4    0    0  116    3    0    0    0    0    3    0]
 [   5    5    2    0    1    2    3    4    1    0    0    0    0    0
     0    4    0    0    3    0  184    0    0    0    0   55   32    1]
 [   3    6    8    2    1    4    2    7    3    2    0    4    1    0
     9    6    0    5   11    0  538    6    0    0    0   25  120    2]
 [  25   16    8    0    0    0    7   20    0    1    1    2    0    6
    10    5    0    4    1    0  528    2    0    0    0    0    3   55]]
                precision    recall  f1-score   support

    admiration       0.52      0.43      0.47      2106
     amusement       0.52      0.37      0.43      1226
         anger       0.43      0.15      0.22      1040
     annoyance       0.30      0.01      0.03      1668
      approval       0.55      0.03      0.06      2252
        caring       0.26      0.06      0.10       705
     confusion       0.26      0.05      0.08       988
     curiosity       0.35      0.29      0.32      1177
        desire       0.39      0.13      0.20       429
disappointment       0.09      0.00      0.01       941
   disapproval       0.25      0.01      0.02      1537
       disgust       0.27      0.09      0.13       583
 embarrassment       0.00      0.00      0.00       287
    excitement       0.29      0.08      0.12       604
          fear       0.34      0.21      0.26       356
     gratitude       0.71      0.73      0.72      1415
         grief       0.00      0.00      0.00        70
           joy       0.34      0.14      0.19       866
          love       0.56      0.54      0.55       991
   nervousness       0.00      0.00      0.00       159
       neutral       0.38      0.86      0.53     11060
      optimism       0.35      0.19      0.25       904
         pride       0.00      0.00      0.00       138
   realization       1.00      0.00      0.00       943
        relief       0.00      0.00      0.00       158
       remorse       0.43      0.18      0.26       302
       sadness       0.30      0.16      0.21       765
      surprise       0.30      0.08      0.13       694

      accuracy                           0.41     34364
     macro avg       0.33      0.17      0.19     34364
  weighted avg       0.40      0.41      0.32     34364

0.40597718542660927

--------------GloVe Wiki Embedding Top MLP Sentiments------------------------
Number of tokens in training set:
2115446
Number of tokens in testing set:
526682
Hit rate percentage of training set is:
98.65082824142048
Hit rate percentage of training set is:
98.64491286962532
Creating model
[[ 814  581 1581  826]
 [ 208 3586 2410 1505]
 [ 561 1878 5557 3064]
 [ 174 1149 2365 8105]]
              precision    recall  f1-score   support

   ambiguous       0.46      0.21      0.29      3802
    negative       0.50      0.47      0.48      7709
     neutral       0.47      0.50      0.48     11060
    positive       0.60      0.69      0.64     11793

    accuracy                           0.53     34364
   macro avg       0.51      0.47      0.47     34364
weighted avg       0.52      0.53      0.52     34364

0.5256081946222791

--------------GloVe Wiki Embedding Top MLP Emotions------------------------
Number of tokens in training set:
2112120
Number of tokens in testing set:
530008
Hit rate percentage of training set is:
98.65367498058822
Hit rate percentage of training set is:
98.63360553048255
Creating model
[[ 996   30    7    0   14    3    0    8    1    0    4    4    0    4
     0   70    0   31   81    0  819   11    0    0    0    0    7   16]
 [  49  627   13    5    1    0    0    5    1    1    2    0    0    1
     0   13    0   21   12    0  466    0    0    0    0    2    5    2]
 [  10   14  200   13    3    3    0   10    2    1    7   19    0    0
     3    8    0    2   10    0  722    1    0    0    0    2    9    1]
 [  30   57   99   19    8    1    0    9    0    3   11   25    0    0
     6   16    0    5    7    0 1353    0    0    0    0    1   12    6]
 [ 174   50    6    7  106   10    4    5    3    4   12    5    0    0
     7   33    0   17   43    0 1736    7    0    0    0    3   18    2]
 [  31    9    3    1    5   23    1    5    1    0    2    0    0    0
     1   28    0    8    9    0  538   20    0    0    0    7   13    0]
 [  11   22   12    2    4    0   17   74    3    1    2    1    0    0
     5    5    0    2    5    0  808    2    0    0    0    2    8    2]
 [  24   18   10    0    2    1   10  200    0    1    2    2    0    3
     0    3    0    4    6    0  880    3    0    0    0    4    2    2]
 [  11    7    1    1    5    2    0    1   55    0    2    0    0    0
     1    6    0    7   15    0  290   17    0    0    0    0    8    0]
 [  19   16   18    3    1    1    0    4    0   13   12   13    0    0
     4   10    0   10   10    0  752    5    0    0    0    3   45    2]
 [  31   30   22    6   15    2    4    6    0    1   56   10    0    0
     2   13    0    3   10    0 1305    3    0    0    0    7    9    2]
 [  17   15   34   10    0    0    0    4    0    3    3   49    0    0
     6    0    0    0    4    0  421    1    0    0    0    1   15    0]
 [   5    7    4    3    0    2    0    3    0    1    0    5    0    0
     2    3    0    1    6    0  227    2    0    0    0    1   14    1]
 [  87   22    4    0    5    0    2    9    5    1    0    0    0   14
     1   16    0   35   15    0  372    4    0    0    0    0    0   12]
 [   8   11    3    4    3    0    0    2    0    2    0    7    0    0
    63    0    0    1    2    0  238    0    0    0    0    0   11    1]
 [  87   11    1    0    3    1    0    0    1    1    0    0    0    4
     0 1025    0   36   13    0  202   12    0    0    0    8   10    0]
 [   1    1    0    0    1    0    0    0    0    0    0    0    0    0
     0    0    0    0    1    0   58    0    0    0    0    1    7    0]
 [ 113   94    1    1    4    3    0    1    2    0    0    1    0    2
     0   45    0  124   46    0  411    9    0    0    0    0    8    1]
 [  92    9    2    4    3    0    1    3    1    0    0    0    0    1
     0   16    0   13  576    0  262    2    0    0    0    0    6    0]
 [   1    1    3    0    1    1    0    1    0    0    0    0    0    0
     5    0    0    0    0    0  135    0    0    0    0    0   11    0]
 [ 413  246  113   20   88   26   17  173   16   13   62   26    0    5
    22  115    0   71  132    0 9330   45    0    0    0   21   77   29]
 [  62   12    0    1    6    8    1    2    9    0    5    0    0    0
     0   38    0   11    8    0  615  116    0    0    0    3    5    2]
 [  23    8    2    0    1    1    0    1    0    0    1    0    0    0
     0    6    0    3    1    0   87    3    0    0    0    0    1    0]
 [  25   29    6    4    8    2    0    1    0    2    5    2    0    0
     0    9    0    1   15    0  798    1    0    0    0    3   15   17]
 [  15    3    0    1    1    3    0    0    0    0    0    0    0    0
     0   17    0    6    1    0  105    3    0    0    0    0    3    0]
 [   3    6    1    0    5    0    0    2    1    1    1    0    0    0
     0    7    0    0    4    0  151    0    0    0    0   76   42    2]
 [  13   13    6    1    2    1    0    1    1    7    4    8    0    0
     3    9    0    5   12    0  497    2    0    0    0   36  143    1]
 [  50   24   16    2    2    0    3   15    1    0    0    0    0    1
     5    7    0    1    4    0  511    1    0    0    0    0    2   49]]
                     precision    recall  f1-score   support

    admiration       0.41      0.47      0.44      2106
     amusement       0.45      0.51      0.48      1226
         anger       0.34      0.19      0.25      1040
     annoyance       0.18      0.01      0.02      1668
      approval       0.36      0.05      0.08      2252
        caring       0.24      0.03      0.06       705
     confusion       0.28      0.02      0.03       988
     curiosity       0.37      0.17      0.23      1177
        desire       0.53      0.13      0.21       429
disappointment       0.23      0.01      0.03       941
   disapproval       0.29      0.04      0.06      1537
       disgust       0.28      0.08      0.13       583
 embarrassment       0.00      0.00      0.00       287
    excitement       0.40      0.02      0.04       604
          fear       0.46      0.18      0.26       356
     gratitude       0.68      0.72      0.70      1415
         grief       0.00      0.00      0.00        70
           joy       0.30      0.14      0.19       866
          love       0.55      0.58      0.56       991
   nervousness       0.00      0.00      0.00       159
       neutral       0.39      0.84      0.53     11060
      optimism       0.43      0.13      0.20       904
         pride       0.00      0.00      0.00       138
   realization       0.00      0.00      0.00       943
        relief       0.00      0.00      0.00       158
       remorse       0.42      0.25      0.31       302
       sadness       0.28      0.19      0.23       765
      surprise       0.33      0.07      0.12       694

      accuracy                           0.40     34364
     macro avg       0.29      0.17      0.18     34364
  weighted avg       0.36      0.40      0.32     34364

  0.4038237690606449