TOP Bayes Sentiment Confusion Matrix
[[1038  604 1354  806]
 [ 339 4127 2034 1209]
 [ 746 2014 5301 2999]
 [ 376  990 2130 8297]]
              precision    recall  f1-score   support

   ambiguous       0.42      0.27      0.33      3802
    negative       0.53      0.54      0.53      7709
     neutral       0.49      0.48      0.48     11060
    positive       0.62      0.70      0.66     11793

    accuracy                           0.55     34364
   macro avg       0.52      0.50      0.50     34364
weighted avg       0.54      0.55      0.54     34364

Best Estimator: {'alpha': 0.8}

TOP Bayes Emotions Confusion Matrix
[[1081   27    6   15   69    9    5    8    1    9   12    2    0   10
     0   64    0   28   71    0  635   23    1    8    0    1    3   18]
 [  52  551    8   31   17    2    7    3    1    3   12    2    1    5
     0    8    0   26   13    0  461    6    0    7    0    2    1    7]
 [  20   12  191   88   13    9    2    9    0    9   26   18    0    3
     2    7    0    6    8    0  598    3    0    3    0    0    8    5]
 [  32   41   81  202   45   14   12   17    2   27   69   28    1    4
     5   13    0    3    5    0 1019    5    0   20    2    0   11   10]
 [ 142   29   11   42  293   46   14   13    6   16   57    5    0    8
     2   29    0   15   25    0 1415   29    0   30    0    4   18    3]
 [   8    6    3   10   17  119    0    5    4    3   13    0    0    2
     1   22    0    9    4    0  438   29    0    3    0    3    6    0]
 [  19   10    8   25   33    2  108   59    0    3   32    0    0    1
     3    5    0    1    4    0  654    2    0   10    0    0    2    7]
 [  40    8    4   15   25    8   32  233    3    4   10    3    0   10
     0    7    0    4    9    0  735    5    0    8    0    0    1   13]
 [  14    5    2    7   14    6    2    0   37    6    2    0    0    1
     1    4    0    5    5    0  289   22    0    0    0    0    4    3]
 [  15    5   16   52   25    7   11    9    0   69   37    9    1    4
     3    7    0    6    4    0  602    5    0    9    1    2   36    6]
 [  30   18   24   56   54    9   20   10    2   18  212   15    4    2
     3   17    0    8    4    0  991   12    0    8    0    1   13    6]
 [  13    6   34   56   13    2    5    3    0    9   27   95    5    1
     7    1    1    2    1    0  287    3    0    2    0    0    6    4]
 [   9    4    8   25    5    2    2    3    0    4    2    4   17    2
     0    3    0    2    0    0  180    2    0    4    0    2    6    1]
 [  64   18    4    8   19    0    1   13    7    3    5    1    0   56
     0   11    0   34   18    0  302   10    0    3    0    0    2   25]
 [  14    6    7   10    8    4    4    6    1    5    3    4    0    0
    42    1    0    0    0    1  230    1    0    4    1    0    2    2]
 [  72   11    0    6    7    9    2    3    0    0    7    0    0    3
     0 1074    0   30    4    0  163   14    0    0    0    6    3    1]
 [   1    1    0    1    1    2    0    0    0    1    2    0    1    0
     0    0    0    0    0    0   51    1    0    0    0    2    6    0]
 [ 102   69    0    8   19    7    0    2    3    1    3    0    0   14
     0   45    0  164   33    1  365   16    0    4    0    0    4    6]
 [  98    8    1    4   18    4    0    3    0    3    3    1    0    1
     0   10    0   19  468    0  338    5    0    3    0    1    1    2]
 [   2    1    1    7    7    2    0    1    0    4    4    0    1    2
     4    1    0    0    0    1  110    3    0    1    0    0    6    1]
 [ 362  182  137  281  405  141  122  148   27   91  314   57   13   67
    33  117    1   86  121    1 7935  113    3  109    6   12   94   82]
 [  41    9    3   11   35   18    7    2   13    2   13    2    1    2
     1   19    0    6    7    0  491  202    1    5    1    2    5    5]
 [  22    2    3    0    7    3    0    4    0    2    2    0    0    0
     0    6    0    3    0    0   81    1    0    2    0    0    0    0]
 [  23   14    7   29   44    6   14    5    0   12   32    2    1    2
     1   10    0    2   12    0  637    5    0   66    1    1    5   12]
 [  12    4    0    1    7    4    0    0    0    2    0    0    0    0
     0   15    0   10    1    0   93    2    0    2    1    0    2    2]
 [   5    1    1    9    8    3    5    3    1    6    7    2    2    1
     1   17    0    0    4    0  154    0    0    4    0   44   24    0]
 [   6    8   14   20   10   11    7    3    3   25   17    7    0    2
     4    8    0    6    4    0  440    5    0    0    0   19  143    3]
 [  46   17   11   19   11    2   11   21    0    8    7    2    0    9
     2    5    0    1    2    0  385    2    0   10    0    0    3  120]]
                precision    recall  f1-score   support

    admiration       0.46      0.51      0.49      2106
     amusement       0.51      0.45      0.48      1226
         anger       0.33      0.18      0.24      1040
     annoyance       0.19      0.12      0.15      1668
      approval       0.24      0.13      0.17      2252
        caring       0.26      0.17      0.21       705
     confusion       0.27      0.11      0.16       988
     curiosity       0.40      0.20      0.26      1177
        desire       0.33      0.09      0.14       429
disappointment       0.20      0.07      0.11       941
   disapproval       0.23      0.14      0.17      1537
       disgust       0.37      0.16      0.23       583
 embarrassment       0.35      0.06      0.10       287
    excitement       0.26      0.09      0.14       604
          fear       0.37      0.12      0.18       356
     gratitude       0.70      0.76      0.73      1415
         grief       0.00      0.00      0.00        70
           joy       0.34      0.19      0.24       866
          love       0.57      0.47      0.51       991
   nervousness       0.25      0.01      0.01       159
       neutral       0.40      0.72      0.51     11060
      optimism       0.38      0.22      0.28       904
         pride       0.00      0.00      0.00       138
   realization       0.20      0.07      0.10       943
        relief       0.08      0.01      0.01       158
       remorse       0.43      0.15      0.22       302
       sadness       0.34      0.19      0.24       765
      surprise       0.35      0.17      0.23       694

      accuracy                           0.39     34364
     macro avg       0.32      0.20      0.23     34364
  weighted avg       0.36      0.39      0.35     34364

Best Estimator: {'alpha': 0.5}



Bayes Setiments Confusion Matrix
[[ 928  595 1447  832]
 [ 307 4060 2099 1243]
 [ 659 1964 5401 3036]
 [ 321  968 2161 8343]]
              precision    recall  f1-score   support

   ambiguous       0.42      0.24      0.31      3802
    negative       0.54      0.53      0.53      7709
     neutral       0.49      0.49      0.49     11060
    positive       0.62      0.71      0.66     11793

    accuracy                           0.55     34364
   macro avg       0.52      0.49      0.50     34364
weighted avg       0.54      0.55      0.54     34364

Bayes Emotions Confusion Matrix
[[ 948   17    3    9   49    3    2    4    0    2    5    0    0    3
     0   45    0   16   46    0  931   14    0    3    0    0    1    5]
 [  40  383    6   18   17    0    0    0    0    0    8    1    0    2
     0    5    0   10   10    0  716    2    0    2    0    1    1    4]
 [  10    6  111   58    9    5    1    5    0    6   11    5    0    0
     1    7    0    6    5    0  785    2    0    0    0    0    4    3]
 [  23   20   47  121   35    3    1   10    0    6   37   10    0    0
     1   11    0    2    6    0 1316    2    0    9    1    0    5    2]
 [ 107   19    3   22  214   13    5    6    1    8   34    2    0    2
     2   11    0    7   17    0 1746   13    0   10    0    0    9    1]
 [   8    2    1   10   14   46    0    3    1    3    5    0    0    0
     0   19    0    4    3    0  568   15    0    1    0    1    1    0]
 [  17    3    3   11   19    1   58   30    0    2   12    0    0    0
     1    5    0    1    1    0  818    1    0    3    0    0    0    2]
 [  25    4    0   10   18    3   11  136    1    0    6    0    0    2
     0    6    0    2    2    0  940    2    0    3    0    0    0    6]
 [  10    2    0    7    8    2    1    0   14    1    1    0    0    0
     0    1    0    3    2    0  364   10    0    1    0    0    1    1]
 [  13    2    8   33   19    1    6    0    0   40   17    2    0    2
     0    4    0    3    1    0  771    2    0    4    0    2    9    2]
 [  25   12   10   37   37    4    6    4    0    2  119    4    1    0
     2    9    0    3    2    0 1248    5    0    1    0    1    3    2]
 [  13    3   19   38   12    1    2    1    0    5   16   56    1    0
     4    1    0    1    0    0  408    0    0    1    0    0    1    0]
 [   7    0    6   10    3    1    1    0    0    2    1    3    5    0
     0    3    0    0    0    0  240    1    0    1    0    0    2    1]
 [  62   10    1    4   15    1    0    8    1    0    5    0    0   24
     0    7    0   26   11    0  407    6    0    2    0    0    2   12]
 [   9    5    2    7    6    1    1    2    0    2    1    1    0    1
    15    1    0    0    0    0  298    0    0    1    0    0    3    0]
 [  65    8    0    4    5    3    1    2    0    0    5    0    0    0
     0  962    0   21    2    0  327    8    0    0    0    2    0    0]
 [   0    0    0    1    0    1    0    0    0    0    1    0    0    0
     0    0    0    0    0    0   62    0    0    0    0    0    5    0]
 [  89   46    0    5   12    3    0    0    0    1    1    0    0    4
     0   27    0   93   23    0  545   10    0    3    0    0    3    1]
 [  88    2    1    2    5    1    0    2    0    0    2    0    0    0
     0    9    0   13  332    0  527    2    0    3    0    0    1    1]
 [   2    1    1    3    2    2    0    1    0    0    1    0    0    0
     0    0    0    0    0    0  143    1    0    0    0    0    2    0]
 [ 298  102   72  164  284   38   43   61    8   46  174   23    3   24
    12   79    0   46   79    0 9338   48    1   33    2    6   40   36]
 [  35    5    2    4   22    3    4    0    6    0    7    1    0    1
     0   15    0    4    5    0  660  128    0    1    0    0    1    0]
 [  20    1    0    1    6    0    0    3    0    0    0    0    0    0
     0    5    0    1    0    0  100    0    0    1    0    0    0    0]
 [  21    6    4   16   24    1    2    2    0    5   16    2    0    0
     0    3    0    1    4    0  799    1    0   27    1    0    1    7]
 [  11    2    0    2    3    1    1    0    0    0    0    0    0    0
     0   10    0    5    1    0  121    1    0    0    0    0    0    0]
 [   5    0    0    4    1    0    0    1    1    1    2    1    0    0
     1   14    0    0    3    0  233    0    0    1    0   15   19    0]
 [   5    6    4   10    9    4    4    2    0    8    9    2    0    1
     0    4    0    3    2    0  609    1    0    0    0   10   72    0]
 [  49    6    6   11    9    2    6   14    0    3    3    1    0    1
     1    7    0    0    0    0  503    2    0    3    0    0    1   66]]
                precision    recall  f1-score   support

    admiration       0.47      0.45      0.46      2106
     amusement       0.57      0.31      0.40      1226
         anger       0.36      0.11      0.16      1040
     annoyance       0.19      0.07      0.11      1668
      approval       0.25      0.10      0.14      2252
        caring       0.32      0.07      0.11       705
     confusion       0.37      0.06      0.10       988
     curiosity       0.46      0.12      0.18      1177
        desire       0.42      0.03      0.06       429
disappointment       0.28      0.04      0.07       941
   disapproval       0.24      0.08      0.12      1537
       disgust       0.49      0.10      0.16       583
 embarrassment       0.50      0.02      0.03       287
    excitement       0.36      0.04      0.07       604
          fear       0.38      0.04      0.08       356
     gratitude       0.76      0.68      0.72      1415
         grief       0.00      0.00      0.00        70
           joy       0.34      0.11      0.16       866
          love       0.60      0.34      0.43       991
   nervousness       0.00      0.00      0.00       159
       neutral       0.37      0.84      0.51     11060
      optimism       0.46      0.14      0.22       904
         pride       0.00      0.00      0.00       138
   realization       0.24      0.03      0.05       943
        relief       0.00      0.00      0.00       158
       remorse       0.39      0.05      0.09       302
       sadness       0.39      0.09      0.15       765
      surprise       0.43      0.10      0.16       694

      accuracy                           0.39     34364
     macro avg       0.34      0.14      0.17     34364
  weighted avg       0.38      0.39      0.31     34364

Decision Tree Emotions Confusion Matrix
[[1160   41   15   45  134   14   11   18   16   12   13    5    1   61
     4   77    2   60   82    0  260   23   13    8    4    1    3   23]
 [  56  664   24   50   43    8   10   10    5   10   11    7    4   20
     7    9    0   55    9    0  185    4    0   11    0    4    4   16]
 [  22   20  387  170   32   13   22   19    3   29   45   30    5    2
     9    4    2    1    4    2  198    4    0    9    1    0    4    3]
 [  43   73  232  390   92   30   45   45    4   64   99   44   16    9
     9    6    2    8   10    5  383    8    0   14    2    6   17   12]
 [ 200   64   45  145  579   63   54   26   26   51   71   17    3   38
     6   19    1   36   39    7  679   25    3   23   11    2    8   11]
 [  35   15   21   42   82  182    8    7   17   13   27    1    3    4
     3   17    1   11   12    9  158   21    0    5    3    3    5    0]
 [  25   21   33   58   67   13  271  116    2    9   27    7    5    8
     6    3    0    4    6    4  263    4    0   18    0    0    6   12]
 [  31   15   28   59   54   12  186  376    8    7   20    7    3   22
     4    5    1    3    3    1  287    8    1    8    0    4    3   21]
 [  28    5    9   22   39   16    6   12  119    3   11    7    1    5
     1    1    0    6   12    3   91   23    0    2    0    1    4    2]
 [  30   22   62  120   47   26   27   19   14  167   51   20    7    8
    11    8    4    4    5    8  204    3    2   14    0    6   41   11]
 [  26   36   98  185  114   28   48   30    6   82  356   27   11    6
     6    7    1    8    7    4  385    4    0   19    0    5   23   15]
 [  16   22   87   94   29    6    7    5    3   31   32  114    8    0
    11    0    2    1    1    1   94    3    0    7    0    1    6    2]
 [   4    9   17   35   20    3   13    6    1   17   14   15   50    2
     2    2    1    4    1    3   54    2    1    2    0    4    3    2]
 [  73   35   10   25   53   10    6   22   17    9   11    2    1  101
     0   14    0   44    7    1  128    7    0    1    0    1    4   22]
 [   6    7   18   27   16    9    8    7    4   14    9   10    5    1
   126    1    1    3    2    4   62    5    0    4    0    0    4    3]
 [ 104   17    3   23   26   13    6    4    3    6    9    1    1   15
     0 1053    2   25    6    0   56   19    1    1    5   10    4    2]
 [   4    1    3    6    1    0    2    2    1    4    1    2    2    0
     3    0    5    1    0    0   16    2    0    1    0    5    8    0]
 [ 109  104   13   14   46   17    3   12   13   10   11    2    2   36
     1   31    2  223   50    3  131    6    6    4    8    0    1    8]
 [ 136   15    6   17   54   17    9    6   13    5   11    3    1   17
     2    9    0   56  493    0  106    3    1    2    2    2    5    0]
 [   2    5    1   13   13   13    3    6    3   12    6    1    4    3
     7    0    1    0    1   19   37    0    0    2    0    1    5    1]
 [ 570  319  402  677 1012  244  387  394  146  293  509  152   54  183
    61   92   21  152  119   34 4766  113   19  136   19   30   67   89]
 [  68   17   11   46  106   45    8   21   54   23   26    3    1   23
     2   17    0   10    8    1  209  189    3    5    0    1    4    3]
 [  35    2    1    6   15    5    2    1    0    5    2    0    1    3
     0    2    0    6    0    0   45    2    4    0    0    0    0    1]
 [  42   36   28   59  111   17   37   11   11   39   55    7    5   14
     5    2    4    7    6    3  346   10    4   62    1    6    0   15]
 [  15    3    4    6   25   11    1    0    2    6    5    1    1    0
     1   10    0   11    1    1   42    2    0    0   10    0    0    0]
 [   6    4    6   13   16   11    2    5    0   16    8    5   10    1
     1   21    1    3    1    1   31    2    0    8    0  104   26    0]
 [  11   16   22   55   32   20   10    5    9   96   42   13    5    3
    10    6   10    5    5   12  164    1    1   12    4   48  144    4]
 [  71   25   22   27   29    6   33   28    1   27   16   10    5   34
     6    4    1    9    6    2  155    5    0   11    0    0    3  158]]
                precision    recall  f1-score   support

    admiration       0.40      0.55      0.46      2106
     amusement       0.41      0.54      0.47      1226
         anger       0.24      0.37      0.29      1040
     annoyance       0.16      0.23      0.19      1668
      approval       0.20      0.26      0.23      2252
        caring       0.21      0.26      0.23       705
     confusion       0.22      0.27      0.24       988
     curiosity       0.31      0.32      0.31      1177
        desire       0.24      0.28      0.26       429
disappointment       0.16      0.18      0.17       941
   disapproval       0.24      0.23      0.23      1537
       disgust       0.22      0.20      0.21       583
 embarrassment       0.23      0.17      0.20       287
    excitement       0.16      0.17      0.17       604
          fear       0.41      0.35      0.38       356
     gratitude       0.74      0.74      0.74      1415
         grief       0.08      0.07      0.07        70
           joy       0.29      0.26      0.27       866
          love       0.55      0.50      0.52       991
   nervousness       0.15      0.12      0.13       159
       neutral       0.50      0.43      0.46     11060
      optimism       0.38      0.21      0.27       904
         pride       0.07      0.03      0.04       138
   realization       0.16      0.07      0.09       943
        relief       0.14      0.06      0.09       158
       remorse       0.42      0.34      0.38       302
       sadness       0.36      0.19      0.25       765
      surprise       0.36      0.23      0.28       694

      accuracy                           0.36     34364
     macro avg       0.29      0.27      0.27     34364
  weighted avg       0.37      0.36      0.36     34364

Decision Tree Setiments Confusion Matrix
[[1829  603  896  474]
 [ 852 4584 1532  741]
 [1609 2555 5126 1770]
 [ 845 1320 2590 7038]]
              precision    recall  f1-score   support

   ambiguous       0.36      0.48      0.41      3802
    negative       0.51      0.59      0.55      7709
     neutral       0.51      0.46      0.48     11060
    positive       0.70      0.60      0.65     11793

    accuracy                           0.54     34364
   macro avg       0.52      0.53      0.52     34364
weighted avg       0.56      0.54      0.54     34364

TOP Decision Tree Setiments Confusion Matrix
[[ 687  338 2430  347]
 [ 327 2399 4409  574]
 [ 473 1115 8360 1112]
 [ 329  749 4922 5793]]
              precision    recall  f1-score   support

   ambiguous       0.38      0.18      0.24      3802
    negative       0.52      0.31      0.39      7709
     neutral       0.42      0.76      0.54     11060
    positive       0.74      0.49      0.59     11793

    accuracy                           0.50     34364
   macro avg       0.51      0.43      0.44     34364
weighted avg       0.55      0.50      0.49     34364

Best Estimator: {'criterion': 'gini', 'max_depth': 60, 'min_samples_split': 4}

TOP Decision Tree Emotions Confusion Matrix
[[ 876   43    5   11   48    9    9    6    7    3    7    5    0   19
     0   41    0   39   84    0  831   23    2    5    0    0    3   30]
 [  34  676    8   19   10    0    3    3    1    2   17    4    2    5
     1    7    0   33   15    0  360    4    0    2    1    3    3   13]
 [  12   13  200   36    4    4    3    4    2    9   14   18    0    0
     1    5    1    2    6    0  687    4    1    3    0    1    6    4]
 [  29   41  108   44   12    3   13    5    4   18   25   24    1    2
     4    7    0    3    8    0 1301    2    0    1    0    2    5    6]
 [ 112   45   13   26  140   14    6    4    8    9   15    2    1    6
     1   14    1   22   33    0 1745   15    0    4    0    3    4    9]
 [  16   10    9   15   22   43    1    1    4    3    2    0    2    3
     1   16    0    7    5    1  514   12    0    2    2   12    2    0]
 [  15   17   10   14   11    3   91   21    1    3   15    2    1    2
     4    1    0    2    8    2  750    4    0    2    1    2    3    3]
 [  11   12   11   15   11    1   24   99    1    2    3    3    1    4
     0    2    0    2   12    0  947    2    0    1    1    3    2    7]
 [  10    5    2    3   12    3    2    0   81    5    0    5    0    2
     0    3    0    4    8    0  264   14    0    0    0    1    3    2]
 [  15    9   15   23   12   10    9    1    4   22   14   15    0    0
     3    6    0    1    4    2  742    4    0    6    0    4   16    4]
 [  25   30   24   42   25    5   14    8    3   13   71   12    1    2
     5    6    0    7    6    0 1200    7    0    4    0   11    4   12]
 [  16    5   28   23    7    3    3    2    0    8    4   61    1    0
     4    0    0    1    1    0  411    0    0    1    0    0    2    2]
 [   6    5    5    7    3    0    2    1    0    6    4    6   13    0
     0    1    0    0    1    0  220    0    0    1    0    4    0    2]
 [  37   22    5    6    6    2    2    6    2    3    4    1    2   51
     0    8    0   18   19    0  374    8    1    1    0    1    0   25]
 [   6    9    6    1    5    2    1    1    1    0    0    3    0    0
    59    1    0    2    5    4  242    0    0    1    1    1    3    2]
 [  75   12    7   14    6   13    0    3    5    2    5    0    0    9
     0 1066    1   28    4    1  119   16    1    0    5   17    2    4]
 [   0    1    1    1    3    1    0    1    0    0    1    0    1    0
     0    1    1    0    0    0   52    0    0    0    0    1    5    0]
 [ 102   95    4    5   19    9    1    2    4    5    2    1    1   19
     0   21    0  162   42    0  353   14    1    2    1    0    0    1]
 [  54   11    2    9   14    6    1    3    1    2    2    1    0    7
     0   12    0   24  563    0  269    4    0    2    1    0    1    2]
 [   1    1    3    1    3    1    0    0    1    2    0    0    0    0
     2    0    0    0    2    0  138    1    0    0    0    0    3    0]
 [ 245  229  111   85   97   46   69   50   29   34   93   31   11   25
    14   77    1   68  143    2 9419   64    0   13    0   23   40   41]
 [  44   16    5   11   30   22    1    7   34    4    3    5    1    6
     1   15    0   10   12    0  487  181    0    1    0    1    3    4]
 [  14    6    1    0    2    0    0    1    0    1    0    0    0    2
     0    4    0    4    0    0  103    0    0    0    0    0    0    0]
 [  15   19   12   11   11    2    6    4    3    5   13    2    0    4
     2    7    0    3   11    1  771    1    0   11    0    7    5   17]
 [   7    4    0    2    7    1    1    1    0    2    0    1    0    1
     0    8    0   15    1    0   96    2    0    0    8    0    0    1]
 [   2    2    2    5    5    4    0    1    1    6    5    0    4    0
     0   18    1    0    3    2  131    1    0    2    0   90   17    0]
 [  10    9   10   15   14    5    3    2    5   19    7    9    5    1
     1    3    0    2    1    2  478    1    0    0    0   52  108    3]
 [  25   13    5   13    2    0   11   12    0   10    3    1    0   13
     0    2    0    2    3    0  450    4    0    1    0    0    0  124]]
                precision    recall  f1-score   support

    admiration       0.48      0.42      0.45      2106
     amusement       0.50      0.55      0.52      1226
         anger       0.33      0.19      0.24      1040
     annoyance       0.10      0.03      0.04      1668
      approval       0.26      0.06      0.10      2252
        caring       0.20      0.06      0.09       705
     confusion       0.33      0.09      0.14       988
     curiosity       0.40      0.08      0.14      1177
        desire       0.40      0.19      0.26       429
disappointment       0.11      0.02      0.04       941
   disapproval       0.22      0.05      0.08      1537
       disgust       0.29      0.10      0.15       583
 embarrassment       0.27      0.05      0.08       287
    excitement       0.28      0.08      0.13       604
          fear       0.57      0.17      0.26       356
     gratitude       0.79      0.75      0.77      1415
         grief       0.17      0.01      0.03        70
           joy       0.35      0.19      0.24       866
          love       0.56      0.57      0.57       991
   nervousness       0.00      0.00      0.00       159
       neutral       0.40      0.85      0.55     11060
      optimism       0.47      0.20      0.28       904
         pride       0.00      0.00      0.00       138
   realization       0.17      0.01      0.02       943
        relief       0.38      0.05      0.09       158
       remorse       0.38      0.30      0.33       302
       sadness       0.45      0.14      0.21       765
      surprise       0.39      0.18      0.25       694

      accuracy                           0.41     34364
     macro avg       0.33      0.19      0.22     34364
  weighted avg       0.37      0.41      0.34     34364

Best Estimator: {'criterion': 'gini', 'max_depth': 60, 'min_samples_split': 2}


Perceptron Emotions Confusion Matrix
[[1104   44   11   28  101   24    8    4    7    7   20    8    1   44
     3   59    1   40  101    0  386   30   13   18    3    4    6   31]
 [  33  649   12   36   26    1   11    5    2    1   21    5    2   24
     4   10    0   75   14    0  241    7    0   19    2    3   11   12]
 [  11   12  280  118   17   15   10   13    2   14   67   47    7    5
    12    7    3    4    9    0  329    5    1   24    0    4   12   12]
 [  28   56  160  266   52   19   42   28   12   47  107   76    7   12
    19    7    4    3   10    4  610    5    2   40    5    6   30   11]
 [ 146   44   20   58  394   52   30   14   24   30   80   27    4   20
     8   22    3   37   47    3 1009   36    4   77    5   11   25   22]
 [  19   10   15   15   38  161    1    6   12   16   21    1    2    6
    11   12    0   11    7    3  264   32    2   10    2   14   12    2]
 [  15   16   21   30   36   11  200   82    5   13   42   10    4    7
    12    3    1    2    7    2  421   10    0   19    0    2    3   14]
 [  31   14   14   29   30    9   82  318    4    8   20   10    3   24
     5    6    0    2    9    0  500    5    0   19    1    6    4   24]
 [   7    7    2    7   21    7    2    6  112    8    9    6    1    4
     4    3    3    8   12    1  157   31    0    2    0    1    5    3]
 [  10    8   22   76   31   18   18   15    4  100   56   23    8    5
    19    7    2   10    6    9  368   12    0   33    2   15   54   10]
 [  29   31   43   92   76   13   42   12    8   36  321   38    5    6
    18   13    2    8   10    2  622   16    4   25    1   10   35   19]
 [  11    7   47   63   20    4    7    6    1   19   35  133    7    1
    21    3    1    1    0    3  159    1    1    6    0    4   17    5]
 [   3    5    6   21    4    6    2    1    2    8   11   19   55    1
     2    1    1    0    3    2   95    2    0    6    0   11   10   10]
 [  59   21    9    9   25    2    3   18   10    7    8    5    3  122
     1    9    0   25   23    2  188   13    2    8    0    2    3   27]
 [   6    9   10    8   10   10    8    4    2    7    7   14    1    0
   130    0    1    1    0   11   82    2    2    9    1    3   14    4]
 [  87   10    5    7   12   20    4    3    2    2    7    3    2   17
     0 1081    0   33    8    0   59   16    1    1    6   19    7    3]
 [   0    1    2    3    1    2    2    1    1    3    1    0    2    0
     0    2    6    0    0    0   23    1    0    2    0    4   13    0]
 [ 101   83    4   18   26   12    1    3    9    8    6    1    2   34
     1   29    0  232   53    0  186   16    6   11   13    0    3    8]
 [  84   12    1    6   18    6    1    5    7    4    7    2    0    7
     0   13    1   32  633    1  128    6    0    5    3    4    3    2]
 [   1    1    2    8    8   11    2    2    0   11    3    2    1    1
    10    0    0    0    1   25   55    0    0    4    0    0    8    3]
 [ 343  222  233  386  550  184  252  229   77  178  453  133   39  113
    81   78   17  102  158   26 6394  141   25  270   34   45  144  153]
 [  46   12    7   18   49   34   11    8   37    8   22    6    2   10
     1   17    0   10   17    1  289  241    6   24    5    7    6   10]
 [  25    4    3    2   15    2    1    3    0    2    1    0    1    4
     0    3    0    4    0    0   54    4    7    1    2    0    0    0]
 [  19   17   17   42   52   17   31   13    8   22   50    7    8    6
     8    8    3    8   11    3  402   19    1  116    4   14   14   23]
 [  10    4    2    3   13    6    2    1    1    5    1    1    0    3
     1   10    0   12    1    1   49    2    0    3   22    0    3    2]
 [   3    1    2    9    6    6    4    4    2   10    6    2    6    1
     4   10    0    2    2    2   62    1    0    6    0  118   32    1]
 [   7   13   20   31   20   13   11    5    6   43   30   15    7    3
    11    2    5    6    6    6  216    3    0   13    2   51  216    4]
 [  43   11   10   27   14    1   18   15    1   14   16   11    7   25
     6    3    2    5    3    3  213    6    1   23    1    1    6  208]]
                precision    recall  f1-score   support

    admiration       0.48      0.52      0.50      2106
     amusement       0.49      0.53      0.51      1226
         anger       0.29      0.27      0.28      1040
     annoyance       0.19      0.16      0.17      1668
      approval       0.24      0.17      0.20      2252
        caring       0.24      0.23      0.23       705
     confusion       0.25      0.20      0.22       988
     curiosity       0.39      0.27      0.32      1177
        desire       0.31      0.26      0.28       429
disappointment       0.16      0.11      0.13       941
   disapproval       0.22      0.21      0.22      1537
       disgust       0.22      0.23      0.22       583
 embarrassment       0.29      0.19      0.23       287
    excitement       0.24      0.20      0.22       604
          fear       0.33      0.37      0.35       356
     gratitude       0.76      0.76      0.76      1415
         grief       0.11      0.09      0.10        70
           joy       0.34      0.27      0.30       866
          love       0.55      0.64      0.59       991
   nervousness       0.23      0.16      0.19       159
       neutral       0.47      0.58      0.52     11060
      optimism       0.36      0.27      0.31       904
         pride       0.09      0.05      0.06       138
   realization       0.15      0.12      0.13       943
        relief       0.19      0.14      0.16       158
       remorse       0.33      0.39      0.36       302
       sadness       0.31      0.28      0.30       765
      surprise       0.33      0.30      0.32       694

      accuracy                           0.40     34364
     macro avg       0.31      0.28      0.29     34364
  weighted avg       0.38      0.40      0.38     34364

Perceptron Sentiments Confusion Matrix
[[1356  601 1226  619]
 [ 443 4376 1945  945]
 [ 958 2072 5604 2426]
 [ 427 1049 2258 8059]]
              precision    recall  f1-score   support

   ambiguous       0.43      0.36      0.39      3802
    negative       0.54      0.57      0.55      7709
     neutral       0.51      0.51      0.51     11060
    positive       0.67      0.68      0.68     11793

    accuracy                           0.56     34364
   macro avg       0.54      0.53      0.53     34364
weighted avg       0.56      0.56      0.56     34364

TOP MLPerceptron Sentiment Confusion Matrix
[[1145  578 1468  611]
 [ 349 4285 2129  946]
 [ 795 2026 5989 2250]
 [ 373 1062 2431 7927]]
              precision    recall  f1-score   support

   ambiguous       0.43      0.30      0.35      3802
    negative       0.54      0.56      0.55      7709
     neutral       0.50      0.54      0.52     11060
    positive       0.68      0.67      0.67     11793

    accuracy                           0.56     34364
   macro avg       0.54      0.52      0.52     34364
weighted avg       0.56      0.56      0.56     34364

Best Estimator: {'activation': 'logistic', 'hidden_layer_sizes': (30, 50), 'solver': 'adam'}

TOP MLPerceptron Emotions Confusion Matrix
[[1172   40    3   17   70    8    5   12    5    4    8    0    0    1
     1   63    0   45   76    0  502   28    0    7    0    1    5   33]
 [  39  808   10   13   19    0    2    2    0    1    9    1    0    2
     2    4    0   25   12    0  248    5    0    6    0    3    4   11]
 [  10   16  280  102   10    6    7    9    0   12   26   15    0    0
     8    4    0    4    5    0  490    2    0    4    0    4   18    8]
 [  23   56  120  200   37   10   21   24    3   28   76   31    0    0
    16    9    0    9   10    0  930    6    0   17    0    4   23   15]
 [ 175   56    7   42  286   21   25    9    5   22   52    9    0    0
    10   18    0   21   35    0 1357   40    0   15    0   10   24   13]
 [  19   11    8   13   22   87    1    9   10    5   17    0    0    0
     7   20    0   11    5    0  388   40    0    1    0   19   12    0]
 [  19   21   12   22   26    2  160   72    2    8   28    4    0    1
    10    4    0    2    8    0  554    9    0    7    0    2    6    9]
 [  40   11   16   12   20    1   47  249    1    8    5    2    0    1
     2    3    0    3    8    0  701    5    0    3    0    5    3   31]
 [  13    5    0   11    9    3    1    2   94    2    1    0    0    0
     2    7    0    6   11    0  217   31    0    0    0    0   11    3]
 [  11   10   18   58   26    5   13    8    1   84   36   15    0    1
    15    7    0    4    5    0  524   10    0    8    0    9   61   12]
 [  22   36   24   65   66    5   34    6    3   30  200   17    0    0
    17   15    0    8    4    0  916   16    0    3    0    9   25   16]
 [   6   10   42  101   12    1    5    1    0   20   20   95    0    0
     9    0    0    3    0    0  241    1    0    4    0    2    8    2]
 [   2    8    9   29    6    1    4    0    0   18    5   18    6    0
     3    1    0    1    4    0  137    1    0    6    0   13   11    4]
 [  92   21    5    5   14    0    4   16    4    4    6    0    0   24
     0    7    0   46   19    0  281    9    0    4    0    0    6   37]
 [   4   10    6   11   12    7    6    5    0   12    8    3    0    0
   132    1    0    0    0    0  113    3    0    2    0    3   15    3]
 [  84   17    0    4    6   11    1    0    0    3    2    0    0    0
     2 1130    0   37    5    0   63   18    0    0    0   24    4    4]
 [   0    1    3    2    0    1    1    0    0    2    2    0    0    0
     0    3    0    0    0    0   43    2    0    0    0    5    5    0]
 [ 116  106    1    5   10    4    1    0    3    3    3    0    0    0
     0   47    0  211   46    0  280   16    0    2    0    0    7    5]
 [  95   17    0    7   11    3    0    2    2    2    2    0    0    1
     0   10    0   18  606    0  192   12    0    5    0    1    4    1]
 [   2    1    5    5    2    5    2    2    1   17    2    0    0    0
    10    0    0    0    1    0   82    6    0    0    0    0   15    1]
 [ 348  254  160  226  343   71  174  185   31   95  279   46    0    5
    48  104    0   85  147    0 7972  148    0   55    0   44  125  115]
 [  46   11    2    6   38    9    9    7   33    7   15    0    0    0
     3   25    0   10   16    0  383  264    0    2    0    3    7    8]
 [  30    5    2    1    9    1    0    4    0    2    1    0    0    0
     0    8    0    3    0    0   67    2    0    1    0    0    2    0]
 [  27   18   10   21   40    4   18    5    1   23   34    6    0    0
     7    7    0    3    9    0  579   13    0   59    0   10   18   31]
 [  12    4    0    1    8    6    0    0    0    6    1    0    0    0
     1   23    0   12    1    0   72    3    0    0    0    0    5    3]
 [   2    2    5    6    6    5    3    1    2   11    1    2    0    0
     5    8    0    1    2    0   68    0    0    2    0  151   19    0]
 [   3   13   12   28   13    8    3    6    4   39   16    3    0    0
     8    7    0   10    3    0  310    9    0    1    0   63  203    3]
 [  38   13   13    8   12    1   12   35    0   13   15    1    0    0
     4    3    0   10    2    0  285    5    0    8    0    1    4  211]]
                precision    recall  f1-score   support

    admiration       0.48      0.56      0.51      2106
     amusement       0.51      0.66      0.58      1226
         anger       0.36      0.27      0.31      1040
     annoyance       0.20      0.12      0.15      1668
      approval       0.25      0.13      0.17      2252
        caring       0.30      0.12      0.18       705
     confusion       0.29      0.16      0.21       988
     curiosity       0.37      0.21      0.27      1177
        desire       0.46      0.22      0.30       429
disappointment       0.17      0.09      0.12       941
   disapproval       0.23      0.13      0.17      1537
       disgust       0.35      0.16      0.22       583
 embarrassment       1.00      0.02      0.04       287
    excitement       0.67      0.04      0.08       604
          fear       0.41      0.37      0.39       356
     gratitude       0.73      0.80      0.77      1415
         grief       0.00      0.00      0.00        70
           joy       0.36      0.24      0.29       866
          love       0.58      0.61      0.60       991
   nervousness       0.00      0.00      0.00       159
       neutral       0.44      0.72      0.55     11060
      optimism       0.38      0.29      0.33       904
         pride       0.00      0.00      0.00       138
   realization       0.27      0.06      0.10       943
        relief       0.00      0.00      0.00       158
       remorse       0.39      0.50      0.44       302
       sadness       0.31      0.27      0.29       765
      surprise       0.36      0.30      0.33       694

      accuracy                           0.43     34364
     macro avg       0.35      0.25      0.26     34364
  weighted avg       0.40      0.43      0.38     34364

Best Estimator: {'activation': 'logistic', 'hidden_layer_sizes': (30, 50), 'solver': 'adam'}

